[app/ui]
version = 6.6.3
modtime = 1507876537.415258100

[app/launcher]
version = 6.6.3
modtime = 1507876537.422777500
